"baseMean" "log2FoldChange" "lfcSE" "stat" "pvalue" "padj"
"IFI6" 1161.42601865807 2.36078059298946 0.323363901338094 7.30069306815152 2.86289159546591e-13 6.32874321675239e-11
"ZC3H12A" 1033.68742433624 1.67364845671193 0.137881422786406 12.138317279367 6.61728957304562e-34 5.11989147537358e-31
"PDZK1IP1" 897.091961903905 2.44159381173396 0.196663461524261 12.4150861212862 2.16453814518161e-35 1.95385643238393e-32
"NID1" 134.571134685574 -1.2593415881398 0.209377915412835 -6.01468204350362 1.80240116873574e-09 2.95812264541599e-07
"MAP3K8" 561.84014762139 1.05570956862362 0.190833396916332 5.53210069978727 3.16418150004757e-08 4.31870572915514e-06
"ZNF488" 78.398996331349 -1.14488592804941 0.235080045213378 -4.87019613685297 1.11487527013932e-06 9.98043712904889e-05
"NANOS1" 67.2676623344069 -1.52060279465925 0.285152870803896 -5.33258806187856 9.68227883805392e-08 1.21951679504419e-05
"ADAM8" 264.532844640947 1.01630094768624 0.175133829942355 5.8029961888046 6.5140272743122e-09 9.93802020216193e-07
"IRF7" 387.529628310274 1.57562117220382 0.245168538853778 6.42668582017183 1.30415975870974e-10 2.43563077695584e-08
"IFITM10" 91.8969763441811 -1.5713132679462 0.194618734345135 -8.07380272630718 6.81419388542926e-16 1.89259867094794e-13
"LOC440028" 30.9434272347696 -1.32521169609335 0.379690998578026 -3.49023732734349 0.000482591768753556 0.0171955067076925
"MYEOV" 600.412416074962 1.33437645316462 0.177731362802398 7.50782772452031 6.01165442404877e-14 1.41561392872383e-11
"P2RY6" 109.896632215271 1.18190800155842 0.229577647654961 5.14818412694401 2.63020244861988e-07 2.87781342661117e-05
"BIRC3" 1393.23239718859 1.66581850485693 0.169286355644126 9.84024080687766 7.55298357750244e-23 3.27255672446026e-20
"RND1" 329.460087138938 1.52210771988696 0.222924032194862 6.82792117521207 8.61538985634431e-12 1.76079062120607e-09
"CYP27B1" 36.1882585473605 1.20733008493458 0.234275185409767 5.15346976600554 2.55710317470603e-07 2.85551975138307e-05
"OAS1" 1309.08489626434 1.71195837264115 0.146554489506315 11.6813778848268 1.58701858208975e-31 1.07441158007476e-28
"OAS3" 2475.0191099928 1.31787293034977 0.134173788573969 9.82213399767889 9.04090781134951e-23 3.76658128509761e-20
"IRF9" 468.13717370116 1.25340573513894 0.100104599289875 12.5209605156045 5.73370466529689e-36 5.64613535768144e-33
"SERPINA3" 8431.71876098355 1.46681104238675 0.1371630845829 10.6939199191035 1.08678431532443e-26 5.60573700171154e-24
"TNFAIP2" 6043.79110433035 1.54912512610289 0.11489220463588 13.4832918474532 1.96155936232446e-41 2.36084566807761e-38
"C15orf48" 646.807618716561 1.23806829286637 0.102352535997108 12.0961174122871 1.10725332282348e-33 7.99584532854932e-31
"BCL2A1" 124.891720510048 2.24897224927535 0.222605409423626 10.1029541694356 5.36026500692704e-24 2.4192662731264e-21
"RHCG" 265.617611822785 1.34805752334239 0.140028030038487 9.62705483303506 6.14659223895885e-22 2.37785311187151e-19
"IL32" 560.719263054161 1.22072802862162 0.12513993339633 9.75490393426586 1.7576700906224e-22 7.05151200800809e-20
"CRYM" 26.7393374578235 -3.1812263841726 0.913091306230087 -3.48401782216835 0.000493946595323794 0.0174850637926384
"STAT5A" 133.951385587338 1.12322692668693 0.220780349138743 5.08753125479059 3.62754617477532e-07 3.77822886203522e-05
"ITGB3" 72.1646338504647 1.19771776415011 0.345072184502482 3.4709194711737 0.000518679523297835 0.0179568241896667
"C17orf67" 64.7551550212192 1.35894699631569 0.387671053867907 3.50541259853445 0.000455900161081973 0.0165160887787289
"SOCS3" 458.279626086127 1.0380298169635 0.140502033236324 7.3880056612244 1.49047399169857e-13 3.36350297459978e-11
"C1QTNF1" 716.951059475075 1.84911168069293 0.166313899350207 11.1182029157963 1.02312053472419e-28 6.51908331301908e-26
"C3" 3898.67302917281 1.50759608206844 0.100743070234823 14.964762127602 1.24769227916455e-50 3.37875069197759e-47
"ICAM1" 3127.76771999004 1.86065299733903 0.130355879906299 14.2736407339391 3.19455890163356e-46 5.76724367041578e-43
"CYP4F3" 137.354239596854 -1.08707051863115 0.196166130502745 -5.54158108662871 2.99752712910786e-08 4.21678102110342e-06
"PLA2G4C" 86.6478959051931 1.02917286876457 0.295541717022657 3.48232689155578 0.000497076490313919 0.0175104953057624
"CCDC121" 50.5470588807083 -1.06651140859923 0.335894698235927 -3.17513617869052 0.00149766198011868 0.0381447708466538
"CCDC138" 55.1318556867139 -1.15546811868959 0.31000276480838 -3.72728326924379 0.000193554877922728 0.00885130263066067
"IL1A" 1045.1210326985 1.07705261796925 0.131154460898766 8.21209290624581 2.17365979960868e-16 6.36353593225978e-14
"ANKAR" 31.0521870040097 -1.79582541757502 0.475284465444711 -3.77842228841777 0.000157825086432108 0.00756443069129468
"CCL20" 794.298784464448 3.14690914612789 0.160336804894003 19.6268670079105 9.11657015493129e-86 9.87506879182157e-82
"HELZ2" 1106.98616478687 1.01324546598356 0.190251332918515 5.32582584542277 1.00495384304013e-07 1.25122529055296e-05
"MX1" 1047.07680507325 2.50312483977416 0.233220016077456 10.7328902633418 7.13296094508554e-27 3.86321164785833e-24
"PRODH" 42.8778235105629 -1.36030598925193 0.350355447565723 -3.88264546392347 0.000103326166708278 0.00540690356417424
"LIF" 2556.04418600891 1.30799485828379 0.119497506769559 10.9457920390435 6.96066726352016e-28 3.9683130420237e-25
"MAFF" 700.452413023002 1.13641372099495 0.130399312071919 8.71487512425055 2.91079330686054e-18 9.85303534372292e-16
"PDGFB" 361.695760633592 1.01402592184949 0.180834406611287 5.60748333711291 2.05289770044317e-08 2.92591945936847e-06
"TYMP" 321.526325083894 1.03921990248274 0.191059573525776 5.43924537936086 5.35067187420114e-08 6.89981877873176e-06
"IRAK2" 933.254068967037 1.6138792028259 0.132545634268688 12.1760268584506 4.17111253550302e-34 3.47549930650528e-31
"MYLK" 407.603179064292 -1.5139624156769 0.163032101452415 -9.28628412557625 1.59768830115674e-20 5.58263215423543e-18
"PPARGC1A" 103.932992900583 -1.03693841303978 0.202753154873585 -5.11428990432382 3.14923381440791e-07 3.41125006776665e-05
"CXCL1" 2157.79061563067 1.418991408758 0.138299305109419 10.2602931203112 1.06383321667719e-24 5.01019191436841e-22
"CXCL5" 12315.600415488 3.48275260981442 0.235423033832972 14.7935932738228 1.61117665584897e-49 3.49045310723122e-46
"CXCL3" 988.324335106124 2.24774317237153 0.202337237165919 11.1088952476323 1.13555667694568e-28 6.83352773593089e-26
"CXCL2" 1770.62756437729 1.39241120422421 0.146539679968768 9.50193971026125 2.06016450828456e-21 7.6950696392201e-19
"DDIT4L" 28.2878619699252 2.97013575863368 0.815253934672188 3.64320321842785 0.000269266081182894 0.0113489890714907
"TRIML2" 225.552553592526 1.46645540744081 0.221836688714699 6.61051792621551 3.82977735792317e-11 7.40788363232567e-09
"HBEGF" 234.853897796205 1.29310451656324 0.122367611259134 10.5673756581296 4.22142426195189e-26 2.07847580024831e-23
"TNIP1" 3004.01619389652 1.26432661763689 0.0907334310070702 13.9345178905267 3.90830522344447e-44 6.0478231686215e-41
"EEF1E1" 58.6534036828098 -1.76511730849929 0.478057460194352 -3.69227018815204 0.00022226115326782 0.00985987135597742
"EDN1" 840.95663620682 1.0618104017455 0.11188086994177 9.49054474011632 2.29830049176201e-21 8.29839697558871e-19
"LTB" 53.587818032189 1.60108651620018 0.308789912317049 5.18503504271302 2.15974252502379e-07 2.51551946570513e-05
"CFB" 1855.60765245995 1.85506672349079 0.136823981410344 13.5580525019757 7.09961155233955e-42 9.61287404186775e-39
"PSMB9" 403.43414646788 1.01985334342587 0.216383156621519 4.7131826679547 2.43877390201757e-06 0.000197140290348167
"C6orf223" 241.607844610536 1.12794340631964 0.229440292054486 4.91606507392251 8.83010566048871e-07 8.05830064373563e-05
"TNFAIP3" 2904.17915554106 1.61222573172315 0.103373591965342 15.5961082619987 7.73690023979043e-55 2.79353677991367e-51
"SOD2" 2306.42274921536 1.52045951128988 0.0894562581013933 16.9966813229157 8.69024806242948e-65 4.70663835061181e-61
"THSD7A" 244.470836713803 -2.26219138664691 0.523471965086163 -4.32151392534374 1.54962269888237e-05 0.00103614278236382
"CASD1" 208.7140129208 -1.21234892469765 0.317290647849506 -3.82094125028442 0.000132943321302067 0.00669787002950695
"PDK4" 340.773035329505 -1.55226294981958 0.305723705174511 -5.07733919073606 3.82757215471841e-07 3.94859634094379e-05
"CLDN23" 264.603148203138 -1.08281491185162 0.303079425061383 -3.57271006315365 0.000353305867831146 0.0137630009252438
"FAM167A" 158.616851584029 1.14046307737517 0.223379248526439 5.10550145055297 3.29918457544614e-07 3.50360463933653e-05
"PLAT" 946.300369362284 1.40142600509858 0.111474405221175 12.5717289302242 3.02045416530566e-36 3.27175595185909e-33
"MAP7D2" 99.9792671200716 -1.40290543206987 0.214998997580355 -6.52517196758343 6.79235577026298e-11 1.29078592462261e-08
"MIR221" 30.1360462479506 -1.05448787705617 0.289311191514076 -3.64482228128691 0.000267576639166322 0.011321836544725
